1107955945866318424
1107955945866318524
1107955945866318521
1107955945866318401
1107955945866318472
1107955945866318532
1107955945866318385
1107955945866318398
1107955945866318407
1107955945866318368
1107955945866318551
1107955945866318488
1107955945866318432
1107955945866318442
1107955945866318421
1107955945866318543
1107955945866318363
1107955945866318479
1107955945866318476
1107955945866471713
1107955945866472200
1107955945866472109
1107955945866472216
1107955945866472226
1107955945866472158
1107955945866472138
1107955945866472237
1107955945866472223
1107955945866472181
1107955945866472187
1107955945866472211
1107955945866472165
1107955945866472150
1107955945866472163
1107955945866472240
1107955945866472127
1107955945866472231
1107955945866472192
1107955945866472120
1107955945866472105
1107955945866472245
1107955945866472136
1107955945866472217
1107955945866472116
1107955945866472206
1107955945866635813
1107955945866636021
1107955945866635885
1107955945866635913
1107955945866635865
1107955945866636035
1107955945866635983
1107955945866636025
1107955945866635950
1107955945866635935
1107955945866635899
1107955945866635930
1107955945866635883
1107955945866635911
1107955945866635895
1107955945866635868
1107955945866635881
1107955945866636016
