1107955945865519838
1107955945865520534
1107955945865519759
1107955945865529424
1107955945865519711
1107955945865520525
1107955945865520556
1107955945865528133
1107955945865519791
1107955945865519833
1107955945865519853
1107955945865528061
1107955945865529408
1107955945865519786
1107955945865519810
1107955945865519822
1107955945865660988
1107955945865519803
1107955945865661015
1107955945865528107
1107955945865520484
1107955945865528040
1107955945865520540
1107955945865528007
1107955945865519780
1107955945865519747
