1107955945865359348
1107955945865359386
1107955945865520425
1107955945865529135
1107955945865359285
1107955945865528334
1107955945865529106
1107955945865528999
1107955945865528589
1107955945865528642
1107955945865359408
1107955945865359280
1107955945865359415
1107955945865520496
1107955945865528813
1107955945865529120
1107955945865665261
1107955945865665308
1107955945865528381
1107955945865528976
1107955945865692505
1107955945865660956
1107955945865359440
1107955945865692491
1107955945865529128
