1107955945865528524
1107955945865528415
1107955945865529399
1107955945865528543
1107955945865528522
1107955945865528554
1107955945865660905
1107955945865661030
1107955945865660889
1107955945865661070
1107955945865660884
1107955945865660917
1107955945865660878
1107955945865660872
1107955945865660904
1107955945865692810
1107955945865661059
1107955945865660932
1107955945865661053
1107955945865660931
1107955945865660998
1107955945865660895
1107955945865660850
1107955945865660979
1107955945865660894
1107955945865897207
1107955945865966742
1107955945865966745
1107955945865967036
1107955945865966716
1107955945865966740
1107955945865983879
