1107955945865359325
1107955945865359151
1107955945865528802
1107955945865346985
1107955945865346834
1107955945865358998
1107955945865347136
1107955945865529058
1107955945865346797
1107955945865346821
1107955945865236927
1107955945865346843
1107955945865528580
1107955945865346849
1107955945865347469
1107955945865346828
1107955945865667898
1107955945865667892
1107955945865692830
1107955945865667897
1107955945865667894
1107955945865667896
1107955945865667908
1107955945865667895
1107955945865667906
